sex,salary,order,month
2.0,26891.4643437132,4913.712093728429,4.0
2.0,46640.669336400635,1742.731709849617,10.0
2.0,28894.377928979,2563.690454013049,8.0
1.0,23178.489876701184,3938.962425315923,
1.0,26797.655890170336,3172.8553230869416,1.0
1.0,37990.46566133847,2264.9845369582863,10.0
1.0,38772.666242242485,3826.6592438269086,2.0
2.0,35707.05003414017,2911.2260267095744,3.0
1.0,,2484.3936261109784,8.0
1.0,39147.02394129539,3226.215509877936,5.0
2.0,39199.529800924465,2481.057558192329,6.0
,37574.533460731,,6.0
2.0,35288.7442243876,2520.1862515853745,3.0
1.0,26932.37764915111,3369.888062441856,3.0
2.0,18299.349198845946,5482.119749443535,1.0
1.0,19290.34296607069,2263.4917326490345,11.0
1.0,17034.828948958726,2687.3124578245984,5.0
,12273.020863371625,3655.822647411633,7.0
1.0,36513.3767767413,2434.2377237063206,3.0
1078156647.0,28284.696955241918,3383.788826660086,7.0
2.0,24857.49061208569,5034.084163165831,10.0
1.0,37547.518943564806,2739.8839389317777,5.0
2.0,18099.538575166185,1736.8895937182585,4.0
2.0,3675337834.0,2175.605925507768,11.0
2.0,16108.888213623273,4064.2364414426584,6.0
1.0,26701.030742169467,2571.618754878996,10.0
1.0,46949.304176408594,4039.2910886691507,1.0
2.0,27607.814203322276,2915.473592997499,2.0
2.0,10257.07017642101,2480.6557727667578,
1.0,37683.85136282742,4443.8403915349445,2117053703.0
2.0,24920.89493859792,2665.534184314449,8.0
2.0,3595606996.0,3494.49130305726,7.0
2.0,25918.616974312117,3547.768018205793,11.0
1.0,12868.714685867257,2481.40290184378,
1.0,29243.823906317888,3262.0751359040087,3.0
1.0,2232909474.0,3447.354168888812,4.0
1.0,38144.5693469702,2251.702308624132,10.0
1.0,30314.715238253266,3020.638090305715,7.0
2.0,25802.898597269952,3260.7497714982565,11.0
2.0,25864.36718332456,2276.123816525243,9.0
2.0,18954.919254038545,2794.01440341692,4.0
2.0,29095.907380224624,3468.8403056868938,2.0
2.0,,2059.526058863032,4.0
2.0,28495.771780750158,4759.717486247591,10.0
2.0,32962.60509899683,4532.932061930742,
1.0,33145.74031915684,3072.8913979003546,8.0
2.0,29332.40595508172,2214.5229662047705,6.0
7102494834.0,30915.579357914023,3277.395326050686,9.0
1.0,47230.24547191143,1978.2669115306385,4.0
2.0,29593.09212375798,3311.4216758465286,4.0
2.0,12338.188847606332,4186.721903084466,3.0
2.0,36517.11119193568,2710.764790243911,3.0
1.0,33007.065679698026,4349.461527097491,4.0
1.0,24254.498663052127,4323.70185955849,10.0
2.0,23405.184429662484,3748.864326060409,3580659975.0
1.0,30592.736659444927,3069.614917150534,7858565503.0
1.0,41391.72397775743,2266.4160490131017,
1.0,39209.5692282034,2473.187750707068,9.0
2.0,20722.248958369433,5367.923213144473,
1.0,47227.591523676725,1619.5760149098214,9.0
2.0,33137.317229762055,3479.151106074501,
1.0,4720.477428320039,3601.433332952541,3.0
1.0,32213.961567921873,3578.09027460569,10.0
9097440766.0,30644.476284421195,3522.172138453686,
2.0,35185.064181171474,3165.532723590182,8.0
2.0,15882.275926649465,2491.91195855696,1.0
1.0,23365.747095356826,4323.73355857018,
2.0,42291.05590710754,3395.5459629443617,8.0
1.0,27954.287950132544,2472.275369677596,9.0
1.0,26501.467250823844,3414.484334114731,9.0
2.0,,4085.417004295698,10.0
2.0,18519.236565827552,3954.6080798368407,1.0
2.0,40917.90697923733,3305.868737725774,1.0
2.0,18545.31630251968,2588.586304837801,7.0
2.0,29098.979363774277,4083.5831286618086,4.0
1.0,34900.78112065675,1836.8105713063123,3.0
1.0,22778.631586176663,2711.0154297806007,6.0
3974905015.0,30224.29353379805,1961.6578603563323,
2.0,51881.465214578,2991.4060058370706,4.0
1.0,40024.64525665803,3160.0011577000823,2.0
2.0,28533.930776571327,4020.9587682339707,10.0
1.0,20616.00341153654,2497.6643361414817,8.0
1.0,32036.40327918241,831180849.0,7.0
1.0,45944.28852717138,3856.4306357223804,7.0
4541666566.0,38491.316186884724,2397.2496210808754,8.0
1.0,26267.366337285217,2148.053484337502,
2.0,32325.857547874675,,
,22876.50808852941,5576.146152663703,4.0
1.0,1043925255.0,2243.457460846482,6.0
1.0,20664.788242989463,4737.027098771548,1.0
2.0,24407.634722497096,3786.105148208894,3.0
2.0,38600.65805116594,3249.371591980857,6.0
1.0,43363.353087768184,3966.333554563652,
1.0,31349.70690650561,1627.1785093233232,3.0
2.0,38776.91166129101,2962.219550528327,1.0
1.0,17791.937162054113,2367.5610286322653,
2.0,25574.568218470726,2931.8886059970637,7.0
1.0,26571.757350443717,3924.897320084568,11.0
1.0,31009.205539955998,2334.5521079931204,2.0
1.0,35671.35494748202,3602.286647158566,
1.0,25736.937281506172,3793.5113921542106,6.0
2.0,33738.169065908136,4727.828375070901,5.0
2.0,40302.90096643533,3593.952875007877,10.0
1.0,22300.648839160094,2034.436277450174,5.0
2.0,24869.783333649983,5472.107581533105,3.0
1.0,42526.27713918516,3757.8031084553945,10.0
1.0,39788.47123504601,3341.411476859295,
2.0,39744.32712924061,2847.1297656324023,3.0
2.0,30188.029612854938,2567.2675643087405,11.0
2.0,36285.04197181492,871.3158246486736,3.0
2.0,43071.64073198655,5374.979486572302,8.0
1.0,28857.525547612364,3233.22784000438,3.0
2.0,42480.26634364204,1681.4279609675461,1.0
1.0,32937.140736605965,2915.4520656281934,4.0
2.0,30617.622709651423,4079.577991199607,10.0
1.0,32274.25224241717,3463.0113871465946,2.0
2.0,30281.676459286056,4554.919471386453,7.0
2.0,50689.16079544951,2356.891830355743,1.0
1.0,,3658.6919253408814,
2.0,31980.480790075337,3604.3783828453065,10.0
1.0,42271.21703554297,3036.4729075504038,11.0
2.0,34688.826713696675,2753.772838952418,10.0
1.0,16718.867202334237,1240.9628002008728,
2.0,44296.50470367317,3165.8641491959784,10.0
2.0,26392.0211337786,3397.6165937170726,2.0
1.0,25933.14525749935,2677.283600064036,10.0
1.0,42204.20547376073,2863.785757338389,1.0
1.0,7601823117.0,2709.6684302053345,9.0
1.0,6181848450.0,2391.7514478131397,2.0
2.0,13121.449226124772,4552.776733061453,4.0
2.0,27097.740712889703,2194.644355890052,2.0
2.0,,3477.866710873948,7.0
1.0,,4619.4107105260555,8.0
2.0,8713.84910795308,2860.0834064676433,7.0
2.0,36794.387572931126,2661.0974540482425,3.0
1.0,12951.862167303221,4598.67376473692,8.0
1.0,20414.581548200906,2244.982879048581,2.0
1.0,29393.87396557092,1964.9640261617383,5.0
2.0,41699.459575852154,2264.525641590456,3.0
1.0,36074.06744375225,3202.8882584488383,4.0
1.0,23969.24903727503,2995.7324053593425,
2.0,20075.978695210375,4137.811227418629,6.0
1.0,28827.305650198854,3569.7374514156327,11.0
1.0,23327.242358299154,4055.580029447621,4.0
2.0,30494.16183954965,1970.5433584073076,5.0
2.0,40991.9373618733,3065.2085125987724,7.0
1.0,43195.72229571255,3306.9709723454357,
2.0,32156.567017156634,2721.829003069841,8.0
1.0,42662.77330903594,,6.0
2.0,34380.293668314494,3027.785066953945,11.0
2.0,9275902256.0,3088.9986751145198,7.0
2.0,30408.57477413085,3971.189103210506,8.0
1.0,30931.289650431045,3737.341058942946,6.0
2.0,25616.164585381746,3169.4950444298893,2.0
2110346416.0,41874.3243592161,4151.340551908822,7.0
2.0,25657.57257707646,3016.4859722246183,6.0
1.0,24853.734249195306,3944.9529210326,2.0
1.0,224553015.0,2178.3151369102347,5.0
2.0,27953.339406007974,2122.7240633808547,9.0
2.0,41416.72575698036,3947.4759654890463,
2.0,37979.15675105482,1908.3717741154073,3.0
1.0,19416.504651533534,3658.072692514539,6.0
2.0,23744.71361784635,2700.0927114846018,10.0
7026224049.0,25647.652511899163,2647.017500768214,7.0
1.0,15329.822729018568,2706.2682277764266,5.0
2.0,31140.34941205094,4618.439697689796,
2.0,34386.87983630643,2274.054647174162,11.0
1.0,26077.057975683892,2209.8040220412313,11.0
2.0,30324.876717207906,4242.715669812582,8.0
1.0,24129.705157327033,1740.9254384436954,11.0
1.0,27085.367627259217,1794.5052706160627,3.0
1.0,17542.58761815248,3043.3975963443827,9.0
1.0,32364.582191520145,1931.5134439891913,5.0
2.0,24880.299494259503,2058.187054451251,6.0
2.0,34533.681942668045,2127.0434225744066,10.0
2826206385.0,39736.986193172386,3070.078885418011,11.0
1.0,36287.56128391715,3271.8031292259334,4.0
2.0,23972.63551506912,4357.839472720317,1.0
1.0,19688.00032768825,2370.9630734231705,
1.0,34982.57125254849,3209.477813552647,1.0
2.0,,3736.894151177055,10.0
1.0,36155.3007627201,1386.276237261381,3.0
1.0,32520.851051402424,2082.222108453026,9.0
1.0,9286813576.0,2067.318683248574,5.0
1.0,24462.62759198475,2763.151451407308,3.0
2.0,3314501882.0,2475.9825138821125,9.0
1.0,39648.985011183395,2746.7432605847384,1.0
1.0,17826.78340465505,2125.326604526656,
1.0,41744.94084364376,2476.062287530588,
2.0,22891.832535161186,2450.8729843954857,7.0
1.0,26724.417585784035,2828.2630741604353,4.0
1.0,23821.564026089352,1574.100685732727,10.0
1.0,26235.29758879947,9887853170.0,9.0
2.0,30884.972145511438,2131.849377477975,2.0
1.0,45209.48554956542,1245623788.0,
2.0,24285.04896996911,2002.6745370879894,7.0
1.0,40838.014770400536,1618181359.0,3.0
2.0,30759.20893242885,2880.0743630386764,6.0
2.0,9566006382.0,2085.395593218136,8.0
4089054407.0,40458.17492443188,3313.3261753297465,2.0
,21397.387914072067,3337.3660513212144,10.0
2.0,39390.41013059454,4219.743190145215,
1.0,18423.508476456176,3185.4848958107227,10.0
,36351.33901306281,1738.610424225933,
2.0,42959.77786217292,2426.0601304945967,10.0
1.0,23204.46469018417,3738.525522217744,2.0
2.0,,3297.7129894732893,4.0
1.0,29347.53409103235,4082.140469838777,
1.0,31662.04394312788,3727.0642603833458,9.0
1.0,15449.395553351444,2994.132925054171,10.0
2.0,29157.84115167309,3138.1590881258626,9.0
1.0,20687.761319443074,2402.2011254571244,1.0
1.0,35232.57936737459,3836.640751739447,7.0
1.0,20141.058821876362,2296.9933064852034,2.0
2.0,33767.83737092915,2157.7088550737526,11.0
2.0,29723.11139078388,2250.6296785048457,1.0
1.0,13994.790520013505,2486.2802356001985,2.0
1.0,34816.31489708464,3387.8872521357107,11.0
2.0,39870.11410438204,3569.7623367885926,
2.0,35555.47542888794,,1.0
2.0,21587.000134403723,2052.1270527904117,10.0
2.0,22846.406723816144,3475.2943333750586,9.0
1.0,29759.261391468888,1463.129832940087,3.0
2.0,29395.85047197325,2379.03038122915,9.0
1.0,40690.05333802999,2677.127635990064,2.0
1.0,20949.429335595338,,10.0
2.0,30808.42592754667,1831.8479362069231,10.0
2.0,27360.95280310653,1895.2348778122214,2.0
1.0,36639.318837697676,,8.0
2.0,46577.978960305554,2977.443005266539,6.0
2.0,30580.76190293597,5305.8740153263725,6.0
1.0,33389.68025634721,3677.8161719069544,10.0
1.0,41956.26276688099,,7.0
2.0,42612.33582274462,4827794356.0,7.0
1.0,41594.085075152616,3736.0005717739227,7.0
2.0,25221.166997315435,2791.282792215759,10.0
2.0,13216.698395006937,2991.3157598202606,11.0
1.0,26808.950804155153,3554.41463024919,10.0
1.0,20055.89073779907,3769.4635185496945,1.0
2.0,29791.905224192258,2366.9710147490855,6.0
,44660.07167032925,1839.961547542994,9.0
2.0,31459.892289294425,3271.3334467529803,4.0
2.0,30937.74634483195,2761.2145591234153,10.0
2.0,30694.82527741246,2710.476467220414,
6212015268.0,27889.80952158876,2807.511102484947,8416852784.0
1.0,30368.14772872879,2712.5044828605082,1.0
2.0,31237.62586494118,3596.1658213624846,8.0
1.0,38662.87424627007,1856.396734474473,3.0
1.0,30210.95037861667,3613.561553302594,8.0
2.0,32982.453735132505,2955.1217290075197,11.0
2.0,18917.206313802402,2557.1537400235547,2.0
2.0,26299.608525311938,2373.3174195297784,2.0
1.0,38032.73179282743,8700274922.0,7.0
1.0,40486.51690103337,1682.0613713752452,3.0
2.0,32652.934840315123,2744.1328872228114,5.0
2.0,6629389946.0,2871.9410735475653,9.0
2.0,40270.72973463668,1857.1684129787845,1.0
1.0,26153.23932529283,4233.568895491035,9.0
1.0,22553.1213576694,4440.867705671166,10.0
2.0,38306.12730979066,,4.0
1.0,1566993609.0,2820.1191485484524,
2.0,31890.79546077514,4653.2184521397185,2.0
2.0,19738.411102493134,3667.76524311851,4.0
2.0,42925.698918251204,2451.329190696789,4.0
1.0,49015.554600301926,2534.761049550901,7.0
2.0,39647.37312733129,2261.922919279819,7.0
1.0,28886.978970898326,3964.6419926016915,7.0
,16271.647828073741,2347.673498278071,
1.0,39103.62705728682,1628.1430376903224,
1.0,40406.636720609386,6761.730301654855,
2.0,45796.42719351022,2580.648785958949,1.0
2.0,28020.957199705183,2852.6912536002465,10.0
,37513.95693712214,1537.2640360756716,1.0
2.0,45508.346377032794,1788.4387940341642,
1.0,26347.417561462476,2191.7872104213207,4.0
2.0,6087.228547023868,1779.7874878736177,
1.0,29516.5620909864,3253.68563601627,6.0
1.0,31797.597950624455,4390.137970471441,11.0
1.0,32049.764894605563,1812.183413964593,
1.0,39712.52000475618,2987.4745979993872,9.0
1.0,33465.61931495967,4279.25673331598,3.0
1.0,16692.67182209809,3793.928648108596,2.0
1.0,32422.703438879085,3642.8276535186237,8.0
1.0,39067.77616743822,3810.826316062349,1.0
2.0,27238.56310236823,3942.185046084642,3.0
2.0,27426.103801131976,3467.263350049706,8.0
5794304735.0,31287.584819550884,2701.2413162604444,9.0
2.0,21805.61361635103,2567.5357326972594,1.0
107683059.0,29802.01911794829,4727.220357150349,8.0
2.0,27066.198249352077,2144.4091279384124,11.0
2.0,19284.682938263824,1768.0563156977537,1.0
,30625.174679844717,2957.7501533327013,
1.0,7550927633.0,1750.905678655648,9.0
2.0,22858.57180792569,3681.0424848419834,10.0
1.0,28664.328844029882,2882.35965173052,7.0
2.0,21686.73168549978,2760.38029798235,10.0
,36103.80365746455,3881.840840341522,4.0
1.0,46507.148902846486,,7.0
2.0,19281.59471928325,4178.597218018533,5.0
2.0,15366.083563899712,4205.941217024435,
1.0,39430.77559257745,3838.561758205288,2.0
2.0,43081.69694079699,2204.330217695352,1.0
2.0,34367.86301954571,1674.3847798784452,5.0
2.0,42015.108407208936,3004.1813728518923,9.0
2.0,37616.99249557816,2437.1118532360547,
2.0,38999.965669171375,1681.252260566731,3.0
1.0,42060.8218176281,3636.510530852582,11.0
2.0,16675.193277669554,3302.286764344048,4.0
3523534766.0,28689.201080990206,2778.2305135768106,6.0
1.0,22501.16457664946,3252.190628097082,4.0
1.0,18932.416565777796,3587.7574341836116,1.0
1.0,20499.9990234936,2717.517890293731,8.0
1.0,44485.72784230907,3300.20624061807,9.0
1.0,38003.47207843932,4354.708451557621,
1.0,8197224162.0,3149.8600046763604,7.0
1.0,31422.712788956844,2477.6905082226413,1.0
2.0,,3203.438772571352,4.0
1.0,30894.31553906259,2417.3619950441125,6.0
2.0,37739.947826868345,2681.647883526675,3.0
1.0,28206.535083917366,5056.041726275601,1.0
1.0,30308.722333233494,2639.1872554819274,7.0
,29431.86840793443,4545.4118203647395,9.0
1.0,30776.591170253832,2131.557704030416,10.0
1.0,43478.71516561159,1826.3787562239397,1.0
,42550.55289840209,1910.3436309270282,
6828174782.0,5651.455760626413,3560.079291223267,3.0
1.0,29719.29338841717,2808.3520813640152,2.0
,,2544.6674167357287,3.0
1.0,26700.553250390894,4664.021787826483,3.0
1.0,34583.30178913886,3967.195742790051,11.0
2.0,40600.25011962994,3312.381322662725,8.0
1.0,20722.897874598966,3305.345479094851,
2.0,18986.360957747675,4008.753314623905,11.0
1.0,42105.923120410414,3342.508680238782,956662253.0
1.0,31682.148882394868,2611.866978646423,2.0
2.0,3963414130.0,1878.5363411826927,3.0
1.0,41846.79498307593,,7.0
5239102621.0,23190.446514157364,4247.690035569166,11.0
2.0,10423.780182788087,2506.893525922624,7.0
1.0,44065.29391129054,3809.9104094142385,11.0
1.0,30162.900525650886,1557.1127286153503,
2.0,18226.180458089533,2758.8386676537534,
2.0,14863.84025746228,2279.196748806136,6.0
1.0,22617.13685440794,2933.1693203716345,3.0
1.0,32257.661563375936,2438.9029780478136,
2.0,47322.409653358554,1874.090769291002,11.0
2.0,39124.31520336843,1529.9011546768454,10.0
1.0,32738.448007080995,3593.6090130707767,11.0
2.0,29980.47932767948,3043.266907478824,10.0
,37098.70089892445,3141.801387400443,7.0
2.0,22481.391249927026,2608.5713956143877,8.0
2.0,,1891.6048339474173,10.0
1.0,27172.650528698166,4073221254.0,1.0
1.0,38761.24684677629,2383.53690204095,1.0
1.0,27015.44934776092,3515.808782152817,3.0
1.0,31867.290316073286,2788.9826214834543,11.0
2.0,16676.64255102398,1913.8219740276352,5.0
1.0,34876.96837094241,1618.3861803871998,9.0
2.0,39556.10681047641,2336.0037517752858,5.0
,38135.069594225926,2346.9633392307237,5.0
1.0,7213.355053136915,3985.4901108486906,8.0
1.0,16631.266775449247,3844.818114917877,9.0
5192480715.0,33595.63106512522,2121.5520157460346,11.0
2.0,6502.980174292032,2629.7264111354602,5.0
1.0,32478.136375364185,3111.756241064733,11.0
1.0,28012.466663624808,1199.0017512007646,6.0
,22932.367706288213,2656.945190379957,7.0
2.0,30836.682234222968,2687.973548771816,4.0
2.0,4216.241538669994,2519.3368522117185,11.0
2.0,43774.29369574958,3257.702096212978,1.0
2.0,23558.53914603842,2697.5628720832337,1.0
1.0,23708.90509495869,2630.160435553211,5.0
1.0,29282.478377743628,1873.5660717000549,2.0
2.0,18160.25410749234,3546.456975519148,2.0
2.0,6752.402963571389,4607.074865814112,8.0
1.0,30208.068304784643,2722.144726163571,4.0
1.0,32016.051487893576,1769.509434242935,10.0
1.0,30640.21622068388,2752.79192641748,8.0
,37538.50477790727,4906.459339047073,6.0
1.0,22934.09287407251,6880.877143161323,
2.0,16382.79835535558,3918.7574476432505,10.0
1.0,25202.47472580578,3095.688267259858,4.0
2.0,39481.21300727971,2093.113136259259,8.0
1.0,12918.005260892776,3708.545076393116,2.0
1.0,15944.271687196979,3645.430478150348,6.0
2.0,42634.8186703979,1771.7945926122493,
2.0,24063.486648927428,2492.7376428736734,11.0
2.0,20834.938862672534,1842.0296480435684,9.0
2.0,18020.998494165084,3620.3167572714306,5.0
1.0,45210.486300509234,3525031451.0,11.0
1.0,40790.33157679844,2995.314584816595,
2.0,47675.09243411908,3606.0883232170404,
1.0,22493.35356195434,2367.462220053484,
2.0,25042.273306309697,3896.4877199592347,6.0
1.0,17450.15238387272,2538.1231816484787,11.0
2.0,38559.94421986491,2486.290183723142,1.0
2.0,42765.75585330173,2015.9829563395012,11.0
1.0,46574.24220218774,2927.011784459719,2.0
2.0,4886290330.0,2817.8977710592344,9.0
1.0,46248.72904979732,2809.6812187719015,1.0
1044277492.0,36432.6776057359,4010.113593823526,4.0
2.0,30816.827153950748,2286.992073180731,5.0
1.0,32849.700901389726,2518.1629608288704,6.0
1.0,28438.765237104708,2139080719.0,11.0
1.0,32349.52301711168,1632.5688321850753,2.0
6297595296.0,24120.33937931742,3076.9648852684118,1.0
2.0,47785.61504309043,1940.9298890123828,
1.0,26842.988272775507,3838.1487726590526,6.0
4582662782.0,42970.044990434115,1677.2755387292525,5.0
2.0,49319.4290699811,4315.924424567483,10.0
1.0,43429.9019097443,2334.768844771826,9.0
2.0,29853.062422986004,3100.296932523765,7.0
1.0,,2829.9499687379684,8.0
1.0,48614.59336863023,9791799596.0,10.0
2.0,40369.96503546674,3987.1694111600696,8.0
2.0,29134.499799197878,,5.0
1.0,29062.435042282432,3998.227325744843,11.0
1.0,11398.293201463322,3867.261467674672,4.0
2.0,42559.09689110652,2218.5062114151124,3.0
1.0,37002.132751360936,2979.82783605751,11.0
1.0,28342.392613184988,3493.290166800903,6.0
1.0,20392.584788008535,4082.6200015394793,7.0
2.0,24153.839677406817,1760.4671702315975,5.0
1.0,11309.435378797123,,9.0
,14540.371546799437,2623.4493888309917,8.0
2.0,40514.498519198714,3155.6577112159953,6.0
2.0,12266.832870387065,2148.874600574659,4.0
2.0,19213.209965825365,1864.1092472499165,9088388603.0
1.0,47126.414663203206,1734.4319095176666,6.0
1.0,28213.39894593135,3218.7596523898364,
1.0,22893.006647508322,3426.4721696723395,
2.0,36880.16358704312,2209.0509751554555,
1.0,30015.62058052869,3544.923289416996,4.0
2.0,35156.37994054376,2727.78844914377,5.0
2.0,45161.0529507693,4233.670761565465,11.0
2.0,39031.345299159395,1874.7284712155367,
2.0,51351.416381040195,3514.826300445377,
1.0,32526.745456423796,,1.0
2.0,34437.00779435899,2492.8679362719636,7.0
2.0,15528.518144824335,1644.0666484392545,5.0
2.0,33496.28154615801,4171.728193307735,
2.0,25256.00250017259,3279.2743225016056,1.0
1.0,34171.97848270022,4202.966911906613,
2.0,,2466.0852797063244,5.0
1.0,1282303369.0,3351.8790182501116,6.0
2.0,28544.36084026008,4486.350909890704,8.0
1.0,27209.071354470838,2738.1626204058634,1.0
,37679.74922341276,526392004.0,10.0
1.0,17539.285523675844,2090.156278958112,9.0
1.0,28250.25913196143,3028.123193756588,9.0
1.0,31610.53154606746,2376.015582797043,2.0
1.0,29191.452386834164,4369.846362697995,
2.0,26697.20050082435,2786.6383831380654,1.0
2.0,4356673176.0,2064.3820976183756,
2.0,20592.85068905562,1990.1987464901526,2.0
1.0,11406.969939206745,7560651432.0,
2.0,27640.42877583483,3792.107560191406,
1.0,34475.737221866,1888.5633693085679,1.0
1.0,34558.58931418481,3906.9524422191494,11.0
2.0,40466.7050591968,2558.584525332551,8.0
1.0,36171.80671397405,2063.0013129982026,1.0
1.0,31720.998726375794,3727.9589645009355,4.0
2.0,18361.753474074892,3408.041452654173,8.0
1.0,36528.84008247905,4202.625789871273,5.0
1.0,23079.316326253727,3831.440591722758,4.0
2.0,28094.57138153216,1414.355017234013,4.0
2.0,34801.990069869025,3380.770708186621,9.0
1.0,29038.325679459474,2503.9790728079934,1.0
2.0,26218.280204914605,2499.2037157752247,
2.0,,2312.8062250711914,8.0
2.0,30345.207891839604,4322.541099072262,6.0
1.0,42027.91226780755,2121.52399999294,8.0
1.0,33500.69614637641,4527.065183604105,4696355282.0
1.0,14241.543051375324,2621.142538651522,7.0
2.0,29123.61974045743,2636.0593553697167,2.0
1.0,36771.30926882979,2712.8866697324243,11.0
2.0,30749.709808856962,2909.2711981957304,8.0
1.0,42391.18252021044,2913.3963342141487,3.0
2.0,7893.552643624407,3291.626476295558,6.0
1.0,22546.96836537159,2686.1852705724027,5107808607.0
1.0,29900.022802471267,2323.036354598837,2.0
2.0,13676.94031836755,3017.001727073122,3.0
2.0,33859.0995955451,3326.1190071093924,
2.0,49117.78695872676,3128.851515847001,10.0
1.0,40381.57240377705,3420.051423475436,1.0
2.0,3998661222.0,2408.8067416732274,
1.0,37616.67710851313,2614.9157191009767,5.0
1.0,23876.31679640651,2974.7231374634657,4.0
1.0,4013.681492421678,3587.2567286538697,7.0
2.0,18540.998529573895,1268.3912399662554,6.0
1.0,36005.37138005465,1909.4289049809054,5.0
2.0,27505.748812549482,4036.669775011526,1.0
1.0,18430.81366471201,3549.2532194747478,4.0
1.0,38803.90933539529,5814719215.0,3.0
1.0,42239.57302524909,2136.8939934535074,
2.0,27698.19294519664,3108.9555602290848,10.0
1.0,25403.4469403341,2142.6001654696315,6.0
1.0,28393.212712246393,1576.0419722735373,5.0
2.0,22214.276010071713,5085.705865401786,3.0
1.0,18801.637089389882,1904.0597690874547,6.0
