played_race,games,winrate,mmr
-1.0,341.9516087206356,48.17803693707699,4481.755393393434
3.0,16.410385157389896,39.87760038969531,3995.833574314
3.0,195.92876081727357,40.72795390776818,3114.637055829989
1.0,221.81925459176205,13.192204112102331,3040.9821116034664
1.0,590.9385063730819,39.59362390046099,3285.830055059944
3.0,299.7318221925379,75.65661156666413,193.76722445388395
3.0,318.2975166509706,77.12670647006186,1607.1853481372395
1.0,141.54819422081556,75.26587054015772,1149.1314035977211
2.0,179.92335689708165,1.4213193176092744,4328.44726175877
2.0,581.7482654539206,66.27139848688626,5566.6596095324985
3.0,142.77967202428917,55.76588558623162,5954.008811465696
1.0,356.8923720691842,90.25306628794716,8589.515384977989
1.0,270.9832179626293,49.20339156230239,4808.2193083307975
1.0,409.2741591290807,32.84445016305523,3007.1910446433176
-1.0,478.0726570611256,11.97691406333007,2407.729227830302
2.0,481.3045330034911,29.669072732659014,3741.63176672945
1.0,421.9807145343128,17.802766884268237,4995.6306963417455
1.0,314.74320332748016,46.03285542400256,3895.333245291705
3.0,325.56235837549275,43.277759224836,3539.814052989476
2.0,450.7254819893207,68.54896875227057,1942.822438309247
3.0,321.2969970285092,45.18848475994813,3472.0479620200163
-1.0,248.00262397045117,34.662046221516,3016.4815239760533
3.0,371.7309080273841,34.3236767808726,689.2053168809575
3.0,96.26777643287863,72.13964192892384,4759.050046869755
3.0,580.7309729344511,49.72592013797563,4577.397844475231
1.0,289.1963314942339,48.58169496548385,2876.106786757104
3.0,15.05939475252245,33.95070697808344,4205.457500273363
2.0,472.96678242900606,50.36780742011141,2679.2576440708417
3.0,793.4784736967044,34.88924499759061,2519.1751780727864
1.0,62.93111002038577,72.3301552345369,2001.8961207772609
-1.0,370.5267258258263,74.60076125881055,3287.5205980524065
3.0,415.0861390006156,31.612067343513026,3215.993382385955
1.0,120.62096103172948,59.07232716100688,3496.668428281875
1.0,432.4653432820724,67.48430534915701,2727.0189425370927
1.0,424.1198773002639,65.52672243935638,3502.357681369182
3.0,527.065338107562,74.32360680726988,4160.516534711629
1.0,403.5800499518116,50.360230268202834,4726.048883192301
1.0,37.42097742335437,43.989704356855455,3597.9396707256587
3.0,166.1802763032461,50.31461941263111,4905.840010843906
2.0,928.3619478034452,43.400858822535,1438.1323165031845
3.0,86.14616853558891,20.608133843730133,3172.382953621587
1.0,25.998768550709656,57.88315817627077,3117.9945050768147
3.0,295.49636600208834,74.35181181575533,4755.99635829719
3.0,447.5790947202397,23.16648676861763,4140.180866114752
2.0,461.9913136433368,43.15221812224088,3346.479515066749
3.0,181.4280776933453,51.68540796651814,3947.505826797458
2.0,340.9220250717164,34.80571103210818,1533.8891322649492
1.0,267.4509215277853,36.46942391930748,2959.3675144489634
3.0,180.8414014867777,42.39083982614903,2241.601540016274
2.0,328.70123000161186,42.34455796831157,3052.3729530376245
3.0,420.2277583228511,67.77198557297146,3957.204861141802
-1.0,439.9614740414491,41.7319691378861,4500.526753934565
2.0,401.0180758226949,95.85714689495198,5005.898469143141
2.0,325.7388530576488,47.25647156587685,5099.460123581564
3.0,397.41104262860426,2.142598607918103,2932.0456404613187
1.0,275.53071624364765,76.31509563045861,4494.904506741216
1.0,185.94918586382371,54.3225200244343,2107.9122402807066
3.0,408.800327708221,59.6476473171326,1401.0055967310004
3.0,348.70865813668286,11.5367338962744,3827.49652829908
2.0,132.44371636705415,59.42186969744236,774.3755581969017
3.0,331.9319096261228,62.061855372040085,2933.624312298057
3.0,214.0976926238438,94.50915963782812,2794.365226067931
2.0,466.345946207076,34.503127553443385,2768.2787799703856
1.0,353.18226485007847,39.68413873182044,2155.8605023579785
2.0,338.6332089970861,25.15636764870718,5891.739179819659
3.0,213.2282093651827,46.86980631299012,4289.638795732164
1.0,460.98041561575656,31.65548500622809,2331.549053467212
2.0,282.78020678943426,16.66857594910028,5834.847597315204
1.0,136.5000316849276,51.569059212362205,5663.70169043532
3.0,472.378029688149,33.850974303392334,1344.009465763244
3.0,668.5194516722388,63.0319413283574,4279.839303827709
1.0,345.1163341021784,24.22955734399452,3127.1296982256936
3.0,72.77898257646376,64.26576589807792,3620.18474701051
2.0,288.9534041392939,25.396040784024876,3680.999998528257
1.0,343.18542770611214,40.54361027158282,2541.25365776125
1.0,284.97694689045136,9.563220367377014,1702.1643490411102
1.0,72.85791784640105,28.61668265970859,4116.4238269560365
1.0,254.53429557079917,84.03470340754104,3323.2349687948413
1.0,350.881601072373,90.24252712708054,1513.6570729146913
2.0,35.684585772136415,45.95517743884108,2568.2669053068585
1.0,342.38895530736926,40.0718347496826,3539.290610422056
3.0,490.18687835941535,37.16747275340642,4027.8978213921578
3.0,626.9832510970558,58.41052677170829,4718.186521988795
3.0,329.32144487070155,19.3375515289822,4037.357825137082
1.0,215.05960747035027,28.42416787726886,1666.887285953725
3.0,417.6830700594099,30.427677457146988,5257.280389074741
2.0,215.19836203908812,68.08455636764728,5656.533354702548
2.0,596.3140533793479,72.25230870571423,3809.390372764461
2.0,175.53559354781956,29.97356614165969,3833.337075851786
1.0,265.0485903815067,48.19745845571188,865.091857089028
2.0,310.59090849259906,81.25194124908452,3268.6173417379746
2.0,388.3549748852504,8.674989189698444,4517.600401740788
2.0,150.95157700275212,69.766422888401,2752.08539309791
2.0,213.816463032096,81.74312056754692,3582.2493881545315
1.0,420.9877691760416,80.27839369188922,4976.418057621837
3.0,259.97043104115545,29.31245655347745,4388.345401281223
2.0,18.890666851431376,48.022108029521206,1032.4871357942834
2.0,24.50200558754568,52.14545761103828,2424.167456942866
1.0,130.55034620738596,90.97337694937649,2667.854003872503
2.0,249.4447633229749,46.248653935498986,959.8415925249736
3.0,373.6866148787444,2.152750203437897,2446.222553693769
2.0,318.8645813478064,63.33944118533992,1089.4406625654665
1.0,198.28810306396448,70.61724029285308,4467.708405088462
1.0,349.7115264901958,56.47945661563372,5227.593800328135
3.0,400.84573265669417,53.029621964383416,6605.984918324704
2.0,605.3265154223932,49.47794684210478,1235.3202799286637
3.0,450.7842664564673,19.952502227547875,5293.762595871125
1.0,60.831566360299576,59.385977177118285,4676.196982484778
3.0,64.92700837936513,45.17201411322372,2659.716700574573
2.0,660.2999236888445,69.21741657680789,2730.5937978999164
1.0,38.35243137996878,47.08747836667932,1982.008561844593
3.0,209.2413272247897,70.68507963091781,3334.1575248154763
3.0,587.6917066764319,30.85821434139398,1938.193709284292
1.0,236.5680123704514,34.559245061537794,361.97919517579567
2.0,207.9119691162761,48.58604739017414,2282.209422336643
3.0,405.25636118349934,46.69314129862411,4206.307429153499
2.0,384.7312856200216,58.96615519855916,4191.6395321671625
1.0,118.79193537669468,89.86589467418172,3122.179312615199
2.0,327.75464656310413,50.15811553704277,1714.448618403258
3.0,266.63679269717534,59.6610140516305,2697.735997303876
1.0,373.2257186951425,45.41867223254234,2023.4236257175007
3.0,314.1161503051369,25.57270513034227,2222.3852115639074
3.0,314.1161503051369,36.86102392889303,2159.1401199751344
3.0,88.53665142159844,60.86251255190919,4376.245479894889
1.0,314.1161503051369,48.14102186550551,1782.4984902496196
2.0,328.4445407159036,36.44238121059459,674.7316795156844
2.0,187.12988034809229,15.09687900758906,3270.423033331669
3.0,192.0593814739612,47.69558711286045,2749.8919817565347
3.0,159.38210707897912,83.64949250420648,3586.8828284093447
3.0,125.31282881817243,66.84656474599285,3414.753084123283
1.0,234.22742576679207,41.27904239712512,4936.239093061398
1.0,558.9473409590464,43.4162206380708,4167.704553006601
1.0,296.1218872771657,80.76537654482013,5269.947211652084
2.0,206.8936646741248,86.9678135531783,1857.885706601431
2.0,257.41430211739214,47.75971547293712,1508.960841512568
2.0,25.242752613435982,76.58293571443191,4381.006964228185
3.0,511.17607549090553,47.95782299662856,3104.096891376774
2.0,699.1754217434664,63.54760640016007,1750.9252218824274
1.0,270.00427102306395,34.738923748593066,2780.208739351099
1.0,373.9721485818279,16.399965719504557,917.0056864715108
2.0,534.9826035574472,27.45662143634316,4927.000340924357
3.0,227.85722135876892,46.13096022862256,2669.939169796904
1.0,478.9866743940289,41.63659530886922,2991.7892073086296
1.0,568.2016468429565,63.8588789623056,3106.6491432735284
2.0,275.92888975401326,38.37652791142928,3251.741676047988
2.0,107.65786847588149,71.74904210512373,4406.453489133805
3.0,464.3421186976423,70.35878914527137,2497.238223537279
2.0,690.5275178289232,36.72664955805545,4499.9609491569
1.0,185.30853169829908,56.398240002463325,4063.964759856149
3.0,369.3732534594281,46.5419133594378,2298.39807725464
1.0,268.3550013739778,58.32690790771398,2033.2787351018585
3.0,630.1825053613063,59.45373186755415,3825.227148830129
2.0,230.0696190793224,59.68315611090728,2423.906292802443
2.0,63.31069561939583,29.167864648194847,5623.934458855441
2.0,446.6066817408184,72.35282310458345,4118.339867096909
2.0,300.56777805845496,19.054059997809563,4497.911030076384
3.0,124.1399827272756,38.30650005741012,3671.2506155510778
2.0,311.46296263341225,57.24625817242601,2231.577985233086
3.0,376.5395545563279,65.2375860848179,4315.573530766399
2.0,67.91367069675286,76.28137625554821,3530.49882628143
2.0,743.6064685775455,45.456739617112405,4058.431514764806
3.0,358.9333991122101,41.85028868847745,4921.7919357921
1.0,475.46302951068,48.21605002310388,2992.229974937845
3.0,250.3612592161796,34.78335964992038,2674.5899550435656
3.0,177.83632990212314,6.108827436572796,3475.842130799763
2.0,394.1910685643175,46.410419290880256,3702.811537928818
3.0,128.07578932323366,41.87214148379834,2629.8755717414765
1.0,148.52826003594944,43.65592486420191,4510.072583479522
3.0,111.1767151650827,39.28231401236346,4753.3021673111325
3.0,399.7922131647953,4.255992466191785,2094.8427630676188
3.0,429.7132967040116,32.01165301450651,4994.769403004226
1.0,610.5515482474244,53.95150240879424,2946.5342843134385
1.0,199.95828354374052,66.55968321930958,4711.406811307325
2.0,403.9896959220147,41.59282599126145,4988.472342307212
3.0,442.71458281830496,68.14806163334175,6901.196625130398
2.0,91.07304405221268,53.03613580540341,3105.549905096802
3.0,71.13783274854109,17.07247057419886,3091.9467553843665
2.0,267.90620573414003,32.24548096852469,2355.409704500581
-1.0,314.1161503051369,55.83079788398266,4682.5016255407645
2.0,75.17874285912902,12.14403777330476,3631.147633594489
2.0,50.83127560628182,40.58033709088097,3418.154119977248
3.0,536.6446395804685,63.02964434161244,6413.752443105821
1.0,424.5314509193788,51.13960310540381,5124.53055106554
2.0,173.47039125085695,42.68514761659563,2714.8452699617314
2.0,20.54167855439732,18.140936523437876,4441.225619764449
1.0,804.938091446018,74.35550545853062,4068.995588626684
2.0,123.96638099569184,48.53083035846949,4031.952813401622
1.0,567.3801356205724,76.26815624396548,3021.973223974841
2.0,53.3394661226703,22.922763471335426,3015.347262592024
1.0,182.91758261423607,51.46716420092408,2982.4002045731518
1.0,156.70038667874883,79.14063071115547,5027.608020621295
1.0,230.94866798105045,50.149930936991005,3808.968053285205
2.0,287.7826726352,51.95864803400376,1448.5779358216796
1.0,88.47954362928627,25.603146246571065,2585.029024692825
3.0,180.7432679970825,39.317179238814575,2658.0927794666577
1.0,347.05653133942747,72.49404150632456,3567.424358728449
3.0,469.1049499376624,66.93444623146794,4793.670875647496
3.0,263.972973532766,58.634330384628136,2204.437543729201
2.0,525.0492507088486,82.81833972835678,2902.0214484123208
2.0,558.9676521112732,53.73224313885308,6706.556537912136
1.0,360.6397748883205,58.32286270231985,5000.0
1.0,503.0395242547646,40.46832564837479,5190.309775793802
2.0,689.2663627640334,39.51705514700286,2347.783372444417
3.0,441.91097700161424,65.11091311451877,6869.312827047309
1.0,641.9506807346801,62.42011778916738,2789.972690608011
3.0,301.625623539588,60.78701793261405,3689.319989306192
1.0,72.13375174976562,58.55842347511499,3863.578624327573
2.0,125.39361210141185,41.362182503500186,762.6564267657136
3.0,526.1843746059692,45.62190559997981,4229.531662161475
2.0,446.79398384502406,29.222463559613274,5096.681707787576
3.0,386.8780833405625,83.45430469961966,3137.763942779152
1.0,407.0543389087936,35.49791071390337,1110.842089487567
3.0,230.14628298801355,61.06448028889615,1943.25835217513
3.0,481.75373929473744,21.348800322157224,5308.5805908344255
-1.0,445.3605275939288,91.9961472016692,620.0373282856981
2.0,328.9839300863516,8.046278867800865,987.8305735093508
2.0,40.72163726721112,34.72402833305535,3768.582069663304
1.0,539.1822101613353,52.12657466582134,2399.08654540114
1.0,363.6844918649716,57.99684506733636,2150.762007721228
3.0,20.19718586631177,86.01221198072649,3194.6663625348183
2.0,419.7825321884227,90.62841083949075,3352.720491477188
2.0,608.19094806806,10.54907435395377,5633.148720853178
3.0,305.42874847010086,34.62407596148071,3809.7483010181354
3.0,327.9110062628648,42.359704931960586,2581.412662862901
1.0,50.82921380621764,53.38048904406621,2078.038070332645
3.0,367.58310613541454,44.5293376494953,3364.6852078584893
1.0,359.8034320455486,17.124091848746332,2455.578845850237
2.0,376.9543264974485,34.7532166552696,2497.638752950759
2.0,446.47775944778016,39.44473899507901,3586.843008555355
3.0,771.4911476601508,54.94988300700487,3425.8117139891588
2.0,254.2091630147661,19.9606702096507,2242.285726153312
1.0,117.4787517614269,26.73149098428743,1409.9790196049694
1.0,551.5576550254441,41.85401645627103,6243.586238530013
3.0,486.06917067812446,53.857271147547465,2160.8956521635782
2.0,471.707889159848,50.72555598249674,2330.5776650005864
3.0,168.70774489455042,46.53893572481562,4294.601754159869
1.0,127.78854028507683,15.20296921511828,2842.526238437883
1.0,368.9989713690839,25.65081590965434,4638.650496890805
2.0,366.5414068800392,25.43468587047635,2507.5531797576846
3.0,354.9989997941588,32.56306485110976,1509.2691754322927
2.0,510.0594520050352,67.98880017450958,3621.3266307238655
2.0,262.06777794757943,47.39923406924339,3592.783865318478
2.0,70.22239248214612,48.608916375407325,4530.650766408719
3.0,422.6209578800955,72.22704867630566,4390.959989821547
3.0,354.26063755690154,20.92972123383873,2138.547281468921
1.0,366.410825499544,1.5405308915124394,4292.220171531176
3.0,323.1517881404842,83.80927901970307,3946.95156436612
3.0,26.50982058347313,55.68540638634174,2498.201462837498
1.0,53.04154845538815,30.446263932085564,3675.484914732346
1.0,45.75821137354535,20.15961609762042,3423.142952075736
3.0,245.194195792284,16.00233278921327,4843.183713865479
3.0,240.13976051649527,48.27455406937586,2202.3258005721527
2.0,405.61407733554336,50.77079402922056,2265.3932880358952
2.0,275.5356957771484,60.84343290067403,3745.077969269463
1.0,548.9194129602419,68.27332337348913,3513.5711642024257
3.0,108.93561561251944,67.50903261979974,1613.9874723941532
1.0,661.9526774982195,36.9902258995285,5614.07993565171
3.0,402.9070135830388,53.515429949032,3543.7916936517686
3.0,510.553813744719,54.44590835788488,4571.4922516692695
1.0,257.0557727146036,71.59851425056836,2779.0245743801192
1.0,303.63995859326883,65.28705999668838,5108.796575873805
3.0,707.8441757992919,65.66222486489976,5215.60258983796
1.0,547.9329471899464,58.7133944538931,3017.321657300072
1.0,569.8789546325797,49.10536077862712,2415.739177520413
3.0,437.5357107868824,46.37786772044301,2977.305692433297
3.0,396.3576505544305,31.397539839340325,4930.904450376707
1.0,634.5819704115511,42.932845087315634,1913.1059803632847
2.0,141.39726179269056,63.89633064659532,3974.1490982519817
1.0,647.1029089831304,51.9673104158361,3758.590091514564
3.0,801.0258443103697,20.33761985554403,2546.4559445919317
1.0,205.44261692780367,27.20926791313108,5627.917122657585
2.0,384.4245479975372,61.80271470310952,4804.093307188982
1.0,602.4692247554153,41.4573315894581,1458.8344756839635
3.0,378.2867781093405,44.457122033348064,2932.41583336972
2.0,610.3865909123459,23.889922847510483,2919.701766106948
2.0,289.07070763583647,34.56944522374545,4788.51849856546
1.0,35.4797535230598,33.1068515189375,2165.4574514600577
2.0,170.10309425699378,28.2125969534394,4548.241688021505
1.0,743.606724372429,17.81520694711181,2846.5846570594776
2.0,241.70522464932563,26.749409088907317,1088.8681398505537
1.0,269.3658567211904,26.563670776486244,3905.517444926412
1.0,457.0935756648263,55.90416533619209,1726.4119365447234
3.0,428.6958599314686,40.97088848919948,3932.3074550571264
1.0,35.64063660883477,48.44791102780337,1746.9247636228406
1.0,233.41929994692225,16.745740623446387,2890.487188020649
1.0,158.40216239256864,39.035940257198185,2855.224234681108
2.0,104.79518736731184,44.842636426001874,2412.096737817407
1.0,122.05657248572284,48.27241088586826,5685.903415492974
1.0,502.8854976755781,45.86793449575899,4379.374057495301
3.0,351.5273242261603,36.44215601326694,3866.8258512695993
2.0,535.3282090523475,35.213791416020754,5662.697472552626
3.0,291.6017089215447,89.37665367710507,2155.553916488486
3.0,609.8406208929401,35.680567725490455,4614.466675689732
1.0,69.03480147047026,42.14539879141499,2752.025326371491
1.0,312.1601628381398,84.60752787503806,5731.384911211269
3.0,356.1418879394234,44.78029882642088,3030.479987060806
1.0,298.2335461134693,27.059767055215744,2426.726459952887
2.0,242.83240313487624,74.21052990797845,2113.56239299898
3.0,403.57299344724726,65.8937007508097,547.6267143409318
2.0,454.5453601093936,70.32837093695409,4872.659660940115
2.0,234.35037658650987,89.19027487713515,3176.845735477656
2.0,299.47269385505626,69.65934548304043,3662.915123339011
2.0,324.0094261178591,33.247894437183206,3440.957295715599
3.0,153.34783856617713,43.6733675122109,4473.998337435803
2.0,367.01205391187847,46.740849061917245,4899.746032665469
-1.0,112.61896233989214,47.254121782960674,4952.949766969436
1.0,112.8992825748154,39.59418315463588,5096.583406342028
1.0,218.862197284968,54.24221387253804,4680.291863219547
3.0,308.89581456256894,15.935301760210264,3308.540363146776
2.0,298.9558844527504,27.032726523263182,1893.4866463589367
1.0,325.9577006964639,21.179681320639364,2950.079559844784
2.0,404.448794314193,55.35361245355331,5064.440820265416
2.0,79.18771406473266,23.211814246495365,6218.594684962051
1.0,290.2202567204638,49.72572072119587,2185.38682008974
3.0,249.15259054338136,39.80611936387554,5727.574795201863
2.0,282.15328064346653,46.46032028492663,2907.192118713873
2.0,271.3985398103659,70.80112877397283,4293.596604938792
3.0,22.28706982006571,67.1347598424301,3115.31337161436
3.0,186.9071760301796,1.6753206333070807,2366.598980940761
2.0,655.728878708466,60.29635830143627,2098.8047258687598
1.0,159.82948277144104,37.12857962383649,4583.366997645249
2.0,109.78768021705184,60.69726071621789,3402.001673580944
1.0,29.394078981451173,53.799422483882566,6278.746269724241
2.0,369.7530432206814,39.51704291318973,4489.116941475711
2.0,348.8021034907732,50.656201052211735,4740.040439868476
3.0,504.32130184214975,37.05775986622309,2378.8023707567613
3.0,42.50247637239141,61.10298975302891,4115.565191542151
2.0,339.2465023850117,46.00818581860148,2122.3197647427933
1.0,113.32945052169852,35.08785783179292,280.9501907996255
2.0,90.07440018871353,69.12832144272525,4061.1792636407326
2.0,99.74771102839452,52.63743859306221,2530.952010678533
-1.0,639.1779915583502,58.48397562096804,4373.113953695806
3.0,281.28211893069295,66.5584839915833,5724.779993440821
3.0,334.0071111411309,42.61811245064655,3598.6573429561827
2.0,522.7622104055772,22.131851143933535,4445.874953496885
3.0,294.3796084390026,29.66375797292008,3779.254470557079
3.0,481.5651134999607,14.6523289341527,2314.1032478640377
3.0,320.2697970218161,63.00832609500465,3264.466390661417
2.0,410.0656773421416,54.231205894047086,3472.0479620200163
1.0,398.7144582455902,60.371401593785336,3196.4507878816457
3.0,430.4689010695847,64.63251509471087,2341.6921737762777
3.0,264.01173417309786,89.76978353049203,4012.45962727374
1.0,443.2721137263745,48.350816350019656,1537.9178875110622
3.0,352.3149245390304,52.9636490051102,3354.311425628914
1.0,367.3189044187972,46.02237141667188,4269.240497765949
2.0,120.76052199168154,56.6743103978299,1798.171891335831
2.0,182.74020273609608,50.57315252235543,1719.6435767577814
2.0,116.93990922532916,36.32113517729483,2421.610625817595
-1.0,554.353186051925,35.01814841493393,6084.196337844094
1.0,110.05083866495605,38.24122611707104,2079.75165142078
2.0,624.6222407319092,52.26259442482224,4183.660261485552
1.0,168.70530504718312,75.4516574315835,2290.50670389734
2.0,209.03524182336395,72.64053536544816,305.5929602520696
2.0,557.7801305146562,37.564088714853526,213.28785077085013
3.0,381.9548878125802,65.49621882876065,3160.353033358336
1.0,54.11272850638756,29.68430500661516,5358.868699064396
2.0,558.5215784977111,65.144524564293,5141.366880963081
2.0,85.79445717414549,73.86073234697008,3539.151708516224
2.0,498.0207375382301,61.620768254806165,3875.537329307584
2.0,377.09666949881785,38.34703043323175,1000.0435936372191
3.0,75.57232744443962,37.87548742374903,4873.289527289042
1.0,313.4890972827936,57.25613513672089,3359.9810251281247
3.0,396.6852542140516,50.60142370320915,4652.268895473328
1.0,23.97484000621023,62.66814183885129,3315.9593688662226
1.0,340.5863366679512,54.545398890219786,5220.249934070593
1.0,502.8393843240541,71.7706610783207,3399.081548017911
2.0,490.8772109844082,39.43510390253885,4084.718782263044
3.0,356.96784462415144,45.69552205891533,3452.14720846152
1.0,429.6904682029767,65.27669547640386,3538.615857760834
3.0,264.33497576069146,42.1978730619665,6279.880195886459
1.0,75.4156896438617,69.90703422489835,1888.8651065460824
3.0,382.289772798904,36.239527388056686,6286.822832276695
3.0,353.87577389844586,43.12230130724716,3986.5583043708425
2.0,232.03891152512605,53.37776731406913,5597.350932045736
1.0,254.3479855727957,61.72215618055502,5516.586595826549
2.0,288.00472082748854,56.76364465823862,5051.065530189508
1.0,293.4552671933176,34.47763921379131,3482.889498027452
2.0,164.59311227353965,64.57346379682188,4986.874588292252
1.0,143.52105291841335,70.23047032925342,3644.6189554653474
1.0,62.63541759480083,78.44805715947824,1335.2502834176498
2.0,280.5659166819934,62.16907327566207,5702.07441627586
3.0,269.08124572919013,21.13642747713692,2781.5243555579905
3.0,76.01109465592387,18.648394833376564,4523.186506530523
1.0,497.3591035304004,27.63007236235774,4718.866864542764
3.0,518.3232146650305,45.265622159693386,4033.313333939541
2.0,191.16474837806427,42.06603721184791,2885.3537392934063
3.0,655.1583874887625,61.42854466269585,5505.029947684594
1.0,394.8398432966831,61.42553886316196,5000.0
3.0,202.43257036902676,42.16263223950424,3650.904514005698
3.0,260.1778740532594,73.19306791249144,2658.914309879251
1.0,308.89365564287306,78.40296811479122,1503.3869573171094
1.0,271.0213811561537,62.63034339416203,3513.769997750217
1.0,417.33662464345787,56.78376164771079,2483.2024813129856
1.0,332.2180826000839,75.65446122538532,2751.369264880899
2.0,363.6003264230712,77.97827896614163,1910.9564676475356
3.0,142.29038023222282,43.90184084981559,6153.667403245954
1.0,658.5729584811727,63.06355157341109,94.77739414578218
2.0,75.78205468123761,44.50345581436879,1504.247944150408
2.0,279.38017359594835,68.65911317628195,3617.938592232905
3.0,126.38250535520068,50.43166814122914,1529.8346009556908
2.0,68.18022312173639,63.37021493762151,2100.842223433997
3.0,279.2616846605944,13.315186141218412,2887.6245021579607
3.0,539.4821806276395,62.89792067648029,6322.116639061005
1.0,241.77467656219312,19.32109596199004,1812.4135908320804
3.0,274.61298586086303,51.14449791577603,3663.1237130585055
1.0,580.9990691446463,34.3669530452249,6162.685625429227
1.0,239.6865677493858,40.62159548443268,4483.849290811098
2.0,277.64838643523416,67.04756567964463,5113.04191788984
3.0,296.4332422950104,57.732335500212905,2752.4163700703666
2.0,464.8271530316941,24.99709348807284,3650.907396307528
3.0,636.1312039476511,40.03820830612938,4665.712543670606
1.0,235.2663317721348,31.19529447568452,5277.300124258762
1.0,331.7196813150925,64.28379419122281,2025.66427971336
3.0,148.08245559940656,41.14796417315068,4009.246744146784
-1.0,97.92450667727591,58.10415439896138,5657.201172699752
2.0,234.6248330844861,25.14887892443872,5624.073715588283
1.0,736.6398301660608,63.90906986746296,5174.696694081476
2.0,363.6601207232897,1.1929156614693426,2742.454694166712
2.0,344.984536032054,48.09689082343095,3972.660201936224
2.0,146.99972990034365,47.356752789995966,2901.3207556797424
3.0,278.7129090820648,51.10101015374498,4770.572379104122
3.0,677.2381880081336,61.03419471585002,3739.151309001052
3.0,617.7621615025578,46.0126334545424,3173.747615032432
2.0,625.0038154597214,56.25079972280348,1008.280461673487
2.0,534.8962912685636,28.852031211076973,4876.701432688566
3.0,499.60897261187904,65.20571964417594,3456.2114073954563
2.0,65.17822777266218,53.507164616243145,4387.336139520801
3.0,146.2080598653499,36.368561466155,2039.7156960131624
1.0,364.443286628029,54.54871766051885,4428.302837728817
1.0,477.046684356813,35.226286534924725,5079.360811232918
-1.0,301.997972623617,19.179198445442125,4460.411337699094
3.0,449.275936477717,74.61668551372352,3934.1828675427055
1.0,428.4684005801599,74.46283472632543,4201.029966042023
2.0,324.19796578649226,62.29514134687216,5149.912380462847
3.0,207.30181868840188,81.94532635938981,3487.026916882654
3.0,400.914573577497,32.90254903807488,4529.677756205806
1.0,95.22134772869384,61.63311437888225,6919.462944152148
1.0,197.90015368069288,78.75590194419262,4320.691151091455
3.0,316.2317661116561,76.37325047636718,1222.0671234175352
1.0,365.2162263933726,37.80717346734663,4632.903139141064
3.0,404.4478936894476,71.52415390113504,4216.4685114532585
2.0,120.47576353752828,53.872902891907486,3854.965560955522
1.0,113.82944301065578,77.15863206195391,3246.483456916635
1.0,135.8695875727989,54.60392340113801,2368.926819979383
3.0,298.06714643912125,45.51358138215793,5464.843762454387
2.0,410.3479113602887,78.27996752302464,1758.714048451012
1.0,377.9418739861667,48.76148766057069,5882.8897219988685
1.0,422.091436899509,13.832714539668068,3770.180995356639
2.0,406.9661080446063,70.96171463846235,2479.686886308572
1.0,254.5243881700404,21.62246511261165,3113.828210424279
1.0,56.79921023379265,76.49947893853513,1662.875408856616
2.0,392.6556258212241,71.79985367017157,3994.64917052308
1.0,170.5427043579298,56.929650553748985,1459.7532476996914
3.0,178.67493559051263,94.9651797251978,5468.700834789637
1.0,412.6538224272831,51.93311658129739,3376.923936182343
1.0,326.8071819182301,42.846997253672434,4503.02667524609
3.0,552.4595809088883,98.859752790635,2488.656384926232
1.0,98.08578070333208,31.70090365150073,7032.876917979815
2.0,693.9372096081402,66.73220022229737,1763.5221689205189
3.0,47.42071918049254,44.84586129031634,2877.72894335208
2.0,326.4768021237396,42.37813836341593,5029.367345830067
1.0,327.8231956958861,67.98217899955081,2675.5147792458724
1.0,436.20561815620425,33.4178228769644,3463.90005673142
1.0,87.03184933478116,25.10324479765877,2309.7861797141604
1.0,35.86235450233244,41.59576978263037,827.0429925427543
3.0,280.36648985932936,57.841328148141486,3652.90917353836
3.0,204.90209689733123,49.1694447172846,3472.0479620200163
1.0,385.9822913195141,45.314820979602864,2795.791596460916
1.0,467.7949007093741,99.06473270075172,1312.522792120385
2.0,578.3445030749024,6.653510292778854,5020.596845329507
1.0,158.7447252463626,46.466850659123445,4589.834683047571
1.0,515.8956777515448,39.2714532693668,3930.0477269682856
3.0,384.7230716046741,59.60436709286897,3028.009978322885
3.0,490.0707430739028,86.48507127705369,5159.782110673947
2.0,311.8651687658151,77.71266942633986,3200.5136072576206
3.0,396.5672627114344,56.18268785368333,3579.9820360220974
1.0,26.67543194400457,54.7633724342368,2423.98507150795
2.0,101.88591721314285,60.01276793420032,6142.489989367925
2.0,20.38727005261416,77.38304408547936,3472.0479620200163
1.0,75.82422432645456,29.54375621382493,3214.1648603638137
2.0,181.57550159154303,57.0673864040606,416.0974914886665
